# soil survey region 2 - DMU population guide lookup tables

# available water capacity lookup table
#   based on texture class and organic matter
awc_lut <- structure(list(texcl = structure(c(4L, 8L, 16L, 6L, 24L, 11L,13L, 12L, 14L, 5L, 22L, 7L, 25L, 10L, 21L, 20L, 18L, 3L, 19L,17L, 1L, 2L, 9L, 15L, 23L), .Label = c("C", "C_heavy", "CL","COS", "COSL", "FS", "FSL", "GR", "HPM", "L", "LCOS", "LFS","LS", "LVFS", "MPM", "S", "SC", "SCL", "SIC", "SICL", "SIL","SL", "SPM", "VFS", "VFSL"), class = "factor"), hiOM_l = structure(c(1L,1L, 2L, 2L, 2L, 2L, 3L, 4L, 5L, 5L, 7L, 9L, 11L, 12L, 14L, 13L,11L, 10L, 6L, 7L, 7L, 8L, 15L, 16L, 17L), .Label = c("0.04","0.07", "0.08", "0.10", "0.11", "0.12", "0.13", "0.15", "0.16","0.17", "0.18", "0.20", "0.21", "0.22", "0.35", "0.45", "0.55"), class = "factor"), hiOM_h = structure(c(1L, 1L, 3L, 3L, 3L,2L, 4L, 5L, 5L, 6L, 7L, 8L, 10L, 11L, 13L, 12L, 10L, 9L, 6L,7L, 7L, 8L, 14L, 15L, 16L), .Label = c("0.06", "0.08", "0.09","0.10", "0.13", "0.14", "0.15", "0.18", "0.19", "0.20", "0.22","0.23", "0.24", "0.45", "0.55", "0.65"), class = "factor"), mdOM_l = structure(c(1L,1L, 2L, 2L, 2L, 2L, 3L, 4L, 5L, 5L, 7L, 9L, 10L, 11L, 13L, 12L,10L, 9L, 6L, 9L, 9L, 8L, NA, NA, NA), .Label = c("0.03", "0.06","0.07", "0.09", "0.10", "0.11", "0.12", "0.13", "0.15", "0.16","0.17", "0.18", "0.20"), class = "factor"), mdOM_h = structure(c(1L,1L, 3L, 3L, 3L, 2L, 4L, 5L, 5L, 6L, 7L, 9L, 11L, 11L, 13L, 12L,10L, 11L, 6L, 9L, 9L, 8L, NA, NA, NA), .Label = c("0.05", "0.07","0.08", "0.09", "0.12", "0.13", "0.14", "0.16", "0.17", "0.18","0.19", "0.20", "0.22"), class = "factor"), loOM_l = structure(c(1L,1L, 2L, 2L, 2L, 2L, 3L, 4L, 5L, 5L, 6L, 8L, 9L, 11L, 10L, 11L,9L, 11L, 9L, 9L, 9L, 7L, NA, NA, NA), .Label = c("0.02", "0.05","0.06", "0.08", "0.09", "0.10", "0.12", "0.13", "0.14", "0.15","0.17"), class = "factor"), loOM_h = structure(c(1L, 1L, 3L,3L, 3L, 2L, 3L, 4L, 4L, 5L, 6L, 7L, 9L, 10L, 11L, 12L, 10L, 12L,9L, 8L, 8L, 7L, NA, NA, NA), .Label = c("0.04", "0.07", "0.08","0.11", "0.12", "0.13", "0.15", "0.16", "0.17", "0.18", "0.20","0.21"), class = "factor")), class = "data.frame", row.names = c(NA,-25L))

# rock fragment correction lookup table
#   based on percent by volume rock fragments
rf_lut <- structure(list(rf_byvol_l = c(0, 5, 10, 20, 30, 40, 45, 50, 55,60, 65, 70, 75, 80, 80, 82.5, 85, 87.5, 90, 95, 100, NA, NA,NA, NA, NA), rf_byvol_h = c(5, 10, 20, 30, 40, 45, 50, 55, 60,65, 70, 75, 80, 80, 82.5, 85, 87.5, 90, 95, 99, 100, NA, NA,NA, NA, NA), salts_mmhos_l = c(0, 2, 4, 6, 8, 10, 12, 14, 16,17, 18, 19, 20, 21.25, 22.5, 23.75, 25, 27.5, 30, 35, 37.5, NA,NA, NA, NA, NA), salts_mmhos_h = c(2, 4, 6, 8, 10, 12, 14, 16,17, 18, 19, 20, 21.25, 22.5, 23.75, 25, 27.5, 30, 35, 37.5, 40,NA, NA, NA, NA, NA), gravel_l = c(0L, 5L, 10L, 15L, 20L, 25L,30L, 35L, 40L, 45L, 50L, 55L, 60L, 65L, 70L, 75L, 80L, 85L, 90L,95L, 100L, NA, NA, NA, NA, NA), gravel_h = c(5L, 10L, 15L, 20L,25L, 30L, 35L, 40L, 45L, 50L, 55L, 60L, 65L, 70L, 75L, 80L, 85L,90L, 95L, 99L, 100L, NA, NA, NA, NA, NA), c1 = c(0.03, 0.03,0.03, 0.03, 0.02, 0.02, 0.02, 0.02, 0.02, 0.02, 0.02, 0.01, 0.01,0.01, 0.01, 0.01, 0.01, 0.01, 0, 0, 0, NA, NA, NA, NA, NA), c2 = c(0.04,0.04, 0.04, 0.03, 0.03, 0.03, 0.03, 0.03, 0.02, 0.02, 0.02, 0.02,0.02, 0.01, 0.01, 0.01, 0.01, 0.01, 0, 0, 0, NA, NA, NA, NA,NA), c3 = c(0.05, 0.05, 0.05, 0.04, 0.04, 0.04, 0.04, 0.03, 0.03,0.03, 0.03, 0.02, 0.02, 0.02, 0.02, 0.01, 0.01, 0.01, 0.01, 0,0, NA, NA, NA, NA, NA), c4 = c(0.06, 0.06, 0.05, 0.05, 0.05,0.05, 0.04, 0.04, 0.04, 0.03, 0.03, 0.03, 0.03, 0.02, 0.02, 0.02,0.01, 0.01, 0.01, 0, 0, NA, NA, NA, NA, NA), c5 = c(0.07, 0.07,0.06, 0.06, 0.06, 0.05, 0.05, 0.05, 0.04, 0.04, 0.04, 0.03, 0.03,0.02, 0.02, 0.02, 0.01, 0.01, 0.01, 0, 0, NA, NA, NA, NA, NA),c6 = c(0.08, 0.08, 0.07, 0.07, 0.06, 0.06, 0.06, 0.05, 0.05,0.04, 0.04, 0.04, 0.03, 0.03, 0.02, 0.02, 0.02, 0.01, 0.01,0, 0, NA, NA, NA, NA, NA), c7 = c(0.09, 0.09, 0.08, 0.08,0.07, 0.07, 0.06, 0.06, 0.05, 0.05, 0.05, 0.04, 0.04, 0.03,0.03, 0.02, 0.02, 0.01, 0.01, 0.01, 0, NA, NA, NA, NA, NA), c8 = c(0.1, 0.1, 0.09, 0.09, 0.08, 0.08, 0.07, 0.07, 0.06,0.06, 0.05, 0.05, 0.04, 0.04, 0.03, 0.03, 0.02, 0.02, 0.01,0.01, 0, NA, NA, NA, NA, NA), c9 = c(0.11, 0.11, 0.1, 0.09,0.09, 0.08, 0.08, 0.07, 0.07, 0.06, 0.06, 0.05, 0.04, 0.04,0.03, 0.03, 0.02, 0.02, 0.01, 0.01, 0, NA, NA, NA, NA, NA), c10 = c(0.12, 0.11, 0.11, 0.1, 0.1, 0.09, 0.08, 0.08,0.07, 0.07, 0.06, 0.05, 0.05, 0.04, 0.04, 0.03, 0.02, 0.02,0.01, 0.01, 0, NA, NA, NA, NA, NA), c11 = c(0.13, 0.12, 0.12,0.11, 0.1, 0.1, 0.09, 0.09, 0.08, 0.07, 0.07, 0.06, 0.05,0.05, 0.04, 0.03, 0.03, 0.02, 0.01, 0.01, 0, NA, NA, NA,NA, NA), c12 = c(0.14, 0.13, 0.13, 0.12, 0.11, 0.11, 0.1,0.09, 0.08, 0.08, 0.07, 0.06, 0.05, 0.05, 0.04, 0.04, 0.03,0.02, 0.01, 0.01, 0, NA, NA, NA, NA, NA), c13 = c(0.15, 0.14,0.14, 0.13, 0.12, 0.11, 0.1, 0.1, 0.09, 0.08, 0.08, 0.07,0.05, 0.05, 0.05, 0.04, 0.03, 0.02, 0.02, 0.01, 0, NA, NA,NA, NA, NA), c14 = c(0.16, 0.15, 0.14, 0.14, 0.13, 0.12,0.11, 0.1, 0.1, 0.09, 0.08, 0.07, 0.06, 0.06, 0.05, 0.04,0.03, 0.02, 0.02, 0.01, 0, NA, NA, NA, NA, NA), c15 = c(0.17,0.16, 0.15, 0.15, 0.14, 0.13, 0.12, 0.11, 0.1, 0.1, 0.09,0.08, 0.07, 0.06, 0.05, 0.04, 0.03, 0.03, 0.02, 0.01, 0,NA, NA, NA, NA, NA), c16 = c(0.18, 0.17, 0.16, 0.15, 0.14,0.14, 0.13, 0.12, 0.11, 0.1, 0.09, 0.08, 0.07, 0.06, 0.05,0.05, 0.04, 0.03, 0.02, 0.01, 0, NA, NA, NA, NA, NA), c17 = c(0.19,0.18, 0.17, 0.16, 0.15, 0.14, 0.13, 0.12, 0.11, 0.11, 0.1,0.09, 0.08, 0.07, 0.06, 0.05, 0.04, 0.03, 0.02, 0.01, 0,NA, NA, NA, NA, NA), c18 = c(0.2, 0.19, 0.18, 0.17, 0.16,0.15, 0.14, 0.13, 0.12, 0.11, 0.1, 0.09, 0.08, 0.07, 0.06,0.05, 0.04, 0.03, 0.02, 0.01, 0, NA, NA, NA, NA, NA), c19 = c(0.21,0.2, 0.19, 0.18, 0.17, 0.16, 0.15, 0.14, 0.13, 0.12, 0.11,0.1, 0.09, 0.08, 0.06, 0.05, 0.04, 0.03, 0.02, 0.01, 0, NA,NA, NA, NA, NA), c20 = c(0.25, 0.24, 0.23, 0.21, 0.2, 0.19,0.18, 0.16, 0.15, 0.14, 0.13, 0.11, 0.1, 0.09, 0.08, 0.06,0.05, 0.04, 0.03, 0.01, 0, NA, NA, NA, NA, NA), c21 = c(0.3,0.29, 0.27, 0.26, 0.24, 0.23, 0.21, 0.2, 0.18, 0.17, 0.15,0.14, 0.12, 0.11, 0.09, 0.08, 0.06, 0.05, 0.03, 0.02, 0,NA, NA, NA, NA, NA)),